fid: 86.81713104248047
is_mean: 2.8765015602111816
is_std: 0.1328914314508438
kid_mean: 0.05622487515211105
kid_std: 0.012812700122594833
lpips_mean: 0.6493635177612305
lpips_std: 0.028678560629487038
ms_ssim_mean: 0.0880744531750679
ms_ssim_std: 0.02678561583161354
psnr_mean: 7.619340896606445
psnr_std: 1.0297642946243286
uiqi_mean: -0.00592006603255868
uiqi_std: 0.022670218721032143
