fid: 2.8614799976348877
is_mean: 2.9136979579925537
is_std: 0.21498613059520721
kid_mean: 0.04133356362581253
kid_std: 0.009487773291766644
lpips_mean: 0.5976930260658264
lpips_std: 0.027458470314741135
ms_ssim_mean: 0.06751810014247894
ms_ssim_std: 0.014102282002568245
psnr_mean: 9.922779083251953
psnr_std: 1.1840153932571411
uiqi_mean: -0.00019526832329574972
uiqi_std: 0.004292676690965891
