fid: 10.699800491333008
is_mean: 3.2472546100616455
is_std: 0.06426048278808594
kid_mean: 0.022963840514421463
kid_std: 0.0017598826671019197
lpips_mean: 0.6140192151069641
lpips_std: 0.04020605981349945
ms_ssim_mean: 0.11193551123142242
ms_ssim_std: 0.0323885940015316
psnr_mean: 10.958450317382812
psnr_std: 1.2165367603302002
uiqi_mean: -0.0263289175927639
uiqi_std: 0.08645719289779663
