fid: 2.3299498558044434
is_mean: 2.945735454559326
is_std: 0.2166638970375061
kid_mean: 0.043715935200452805
kid_std: 0.007952360436320305
lpips_mean: 0.5705642700195312
lpips_std: 0.03721866011619568
ms_ssim_mean: 0.09210295230150223
ms_ssim_std: 0.016429979354143143
psnr_mean: 12.337991714477539
psnr_std: 1.0355736017227173
uiqi_mean: 2.538099215598777e-05
uiqi_std: 0.002466266741976142
