fid: 2.330038070678711
is_mean: 2.9537928104400635
is_std: 0.1712019294500351
kid_mean: 0.04321962594985962
kid_std: 0.007674320600926876
lpips_mean: 0.5705571174621582
lpips_std: 0.03722507879137993
ms_ssim_mean: 0.09210063517093658
ms_ssim_std: 0.016430534422397614
psnr_mean: 12.337984085083008
psnr_std: 1.0357173681259155
uiqi_mean: 2.2221211111173034e-05
uiqi_std: 0.0024734977632761
