fid: 4.084564685821533
is_mean: 2.4242706298828125
is_std: 0.18565063178539276
kid_mean: 0.11781840771436691
kid_std: 0.013408022001385689
lpips_mean: 0.5056912899017334
lpips_std: 0.032226402312517166
ms_ssim_mean: 0.12308503687381744
ms_ssim_std: 0.026333684101700783
psnr_mean: 13.362125396728516
psnr_std: 0.9655866622924805
uiqi_mean: 0.0020757054444402456
uiqi_std: 0.002521191257983446
