fid: 2.3071184158325195
is_mean: 3.2467362880706787
is_std: 0.08608052879571915
kid_mean: 0.0446772575378418
kid_std: 0.0018943933537229896
lpips_mean: 0.5695639848709106
lpips_std: 0.037116702646017075
ms_ssim_mean: 0.09187280386686325
ms_ssim_std: 0.017644330859184265
psnr_mean: 12.310423851013184
psnr_std: 1.0630409717559814
uiqi_mean: 0.00011055498180212453
uiqi_std: 0.004415262024849653
