fid: 3.0102672576904297
is_mean: 3.137141466140747
is_std: 0.12609148025512695
kid_mean: 0.040474362671375275
kid_std: 0.011335805989801884
lpips_mean: 0.6007639169692993
lpips_std: 0.028454091399908066
ms_ssim_mean: 0.06819785386323929
ms_ssim_std: 0.013939988799393177
psnr_mean: 9.755837440490723
psnr_std: 1.229547381401062
uiqi_mean: -0.0007625804864801466
uiqi_std: 0.005518689285963774
