fid: 2.872623920440674
is_mean: 2.9380338191986084
is_std: 0.2527839243412018
kid_mean: 0.040479231625795364
kid_std: 0.012042009271681309
lpips_mean: 0.6003869771957397
lpips_std: 0.02837805636227131
ms_ssim_mean: 0.06898494064807892
ms_ssim_std: 0.013875199481844902
psnr_mean: 9.679779052734375
psnr_std: 1.188609004020691
uiqi_mean: -0.0007031788118183613
uiqi_std: 0.005694464314728975
