fid: 2.0212302207946777
is_mean: 2.9006946086883545
is_std: 0.09514746814966202
kid_mean: 0.04448037967085838
kid_std: 0.008988986723124981
lpips_mean: 0.562548816204071
lpips_std: 0.033564046025276184
ms_ssim_mean: 0.09014803916215897
ms_ssim_std: 0.017392484471201897
psnr_mean: 12.503732681274414
psnr_std: 0.9660289883613586
uiqi_mean: -3.600050331442617e-05
uiqi_std: 0.004322081338614225
