fid: 84.72985076904297
is_mean: 2.9422402381896973
is_std: 0.1515679657459259
kid_mean: 0.05746535584330559
kid_std: 0.013471193611621857
lpips_mean: 0.6547260284423828
lpips_std: 0.029253259301185608
ms_ssim_mean: 0.09009528905153275
ms_ssim_std: 0.02814355492591858
psnr_mean: 7.511459827423096
psnr_std: 1.085921287536621
uiqi_mean: -0.005482996813952923
uiqi_std: 0.020307499915361404
