fid: 11.80988597869873
is_mean: 2.959012269973755
is_std: 0.2538626492023468
kid_mean: 0.02309374324977398
kid_std: 0.009796074591577053
lpips_mean: 0.614448606967926
lpips_std: 0.03725084289908409
ms_ssim_mean: 0.11222656071186066
ms_ssim_std: 0.030828122049570084
psnr_mean: 10.912679672241211
psnr_std: 1.1766929626464844
uiqi_mean: -0.024982614442706108
uiqi_std: 0.07167935371398926
