fid: 3.2209129333496094
is_mean: 2.2564048767089844
is_std: 0.0985410287976265
kid_mean: 0.08036909252405167
kid_std: 0.01558712963014841
lpips_mean: 0.4988708794116974
lpips_std: 0.03335871919989586
ms_ssim_mean: 0.07737182080745697
ms_ssim_std: 0.02169998176395893
psnr_mean: 11.804101943969727
psnr_std: 0.786943793296814
uiqi_mean: 0.002156669506803155
uiqi_std: 0.0021629182156175375
