fid: 2.803500175476074
is_mean: 3.2476203441619873
is_std: 0.06021230295300484
kid_mean: 0.039792247116565704
kid_std: 0.0022105148527771235
lpips_mean: 0.6022679805755615
lpips_std: 0.02906539849936962
ms_ssim_mean: 0.06869256496429443
ms_ssim_std: 0.015347056090831757
psnr_mean: 9.654365539550781
psnr_std: 1.130704402923584
uiqi_mean: -0.0005679015885107219
uiqi_std: 0.008225844241678715
