fid: 2.317519426345825
is_mean: 3.115442991256714
is_std: 0.17222170531749725
kid_mean: 0.045611198991537094
kid_std: 0.01037835143506527
lpips_mean: 0.5658648610115051
lpips_std: 0.0384775772690773
ms_ssim_mean: 0.09234362095594406
ms_ssim_std: 0.018980078399181366
psnr_mean: 12.422616958618164
psnr_std: 1.0345838069915771
uiqi_mean: 0.00026693957624956965
uiqi_std: 0.002545288298279047
