fid: 12.036563873291016
is_mean: 3.101259708404541
is_std: 0.11916039139032364
kid_mean: 0.025395898148417473
kid_std: 0.009146732278168201
lpips_mean: 0.6192171573638916
lpips_std: 0.0368860699236393
ms_ssim_mean: 0.11427892744541168
ms_ssim_std: 0.03209540620446205
psnr_mean: 10.961938858032227
psnr_std: 1.1931250095367432
uiqi_mean: -0.02840501256287098
uiqi_std: 0.09368111938238144
